MOV <30, R0>
MOV <40, R1>
MOV <-30, (R0)>
MOV <-20, (R1)>
ADD <(R0), (R1)>
ADD <(R0), R1>
HALT